Model: 244
4294967295
0
1163845598 3269434704 1168158514 1136265606 1162658586 3271160802 1167885835 1165056147 3265919978 1168859490 
	26 0 48 26 0 123 
	106 31437 48 106 85020 123 
LM_StepsDown_decalVersion3_no_shadow
1
24
0 structure_ground_steps.dds
3844.98 -116.475 5388.04 -0.190355 0.961468 0.198354 -0.118076 0.0369228 0 
3846.97 -84.992 5237.35 -0.154815 0.987524 0.0287908 -0.194543 0.396291 0 
3721.87 -116.475 5269.9 -0.199484 0.965531 0.167201 0.124112 0.384553 0 

Model: 245
1
0
1165539645 3269713848 1169132756 1143607532 1163042246 3270046467 1168124050 1166714994 3252153197 1170156344 
	27 0 52 27 0 150 
	106 47728 52 106 130224 150 
Decal_MudPath_decalVersion3_no_shadow
1
16
0 decal_mud_path_01.dds
4293.49 -116.475 5621.2 -0.307784 0.510262 0.803058 0.96872 0.604381 0 
4298.18 -75.4991 5596.96 -0.303512 0.639823 0.70605 1.00582 0.625735 0 
4102.51 -116.475 5556.94 -0.28028 0.763532 0.581775 0.817584 0.897326 0 

Model: 328
1
0
1166400648 3269647188 1169883455 1132183784 1165909886 3269772835 1169610566 1166862262 3269521541 1170268262 
	27 191 8 27 432 12 
	106 47919 8 106 130656 12 
Decal_MudPath_decalVersion3_no_shadow
1
16
0 decal_mud_path_01.dds
4508.96 -113.647 6007.83 0.00467096 0.999983 0.00356689 0.881652 0.795393 0 
4069.97 -112.47 6117.4 0.00183883 0.999993 -0.00337592 0.0505997 1.03679 0 
4117.75 -112.47 6172.05 0.00760665 0.999826 0.0170213 0.0691246 0.922343 0 

Model: 369
4294967295
0
1167553247 3269889603 1167195450 1144248992 1166410198 3270046467 1166073908 1168328397 3269876872 1168282905 
	25 0 11 25 0 30 
	106 31416 11 106 84966 30 
lanetowerx_decalVersion3_no_shadow
1
16
0 decal_tower_base_04.dds
5224.85 -115.181 4752.93 -0.00197578 0.999998 3.38021e-005 1.58086 0.438974 0 
4896.37 -115.828 4692.1 -0.00121273 0.999999 0.00059725 0.969766 0.552135 0 
5100.63 -115.181 5202.64 -0.00259925 0.999997 -0.000258785 1.34976 -0.397641 0 

Model: 411
4294967295
0
1167816310 3269929755 1167800040 1134088005 1167333014 3270034200 1167237326 1168073986 3269876872 1168282905 
	25 21 3 25 54 3 
	106 31485 3 106 85143 3 
lanetowerx_decalVersion3_no_shadow
1
16
0 decal_tower_base_04.dds
5100.63 -115.181 5202.64 -0.00259925 0.999997 -0.000258785 1.34976 -0.397641 0 
4896.37 -115.828 4692.1 -0.00121273 0.999999 0.00059725 0.969766 0.552135 0 
4738.82 -116.381 5161.06 -0.00110828 0.999999 0.000740017 0.676681 -0.3203 0 

Model: 412
4294967295
0
1168119069 3270046148 1168910572 1140951061 1167278440 3270479770 1168197762 1168723067 3259782154 1169618421 
	26 48 25 26 123 51 
	106 31488 25 106 85146 51 
LM_StepsDown_decalVersion3_no_shadow
1
24
0 structure_ground_steps.dds
4886.99 -106.263 5248.53 0.610362 0.782158 -0.125249 1.01894 0.896479 -1.70141e+038 
4832.2 -119.78 5376.7 0.697311 0.6179 0.363257 1.10708 0.668294 -1.70141e+038 
4902.8 -119.78 5241.17 0.616929 0.779753 -0.106698 0.98868 0.910062 -1.70141e+038 

Model: 413
1
0
1167343133 3269784004 1169499565 1144688198 1165909886 3270046467 1168692286 1168723067 3254560451 1170156344 
	27 52 30 27 150 54 
	106 47780 30 106 130374 54 
Decal_MudPath_decalVersion3_no_shadow
1
16
0 decal_mud_path_01.dds
4578.6 -50.6567 5874.68 -0.677638 0.702677 0.216916 1.13856 0.910427 0 
4549.42 -116.475 5818.31 -0.911342 0.411559 -0.00871614 1.15208 1.01077 0 
4547.76 -116.475 5991.54 -0.570732 0.821039 0.0126795 0.962227 0.782804 0 

Model: 434
4294967295
0
1168658892 3270162093 1168737622 1135927538 1168034921 3270479770 1168282905 1169125930 3268708058 1169282651 
	26 73 51 26 174 162 
	106 31513 51 106 85197 162 
LM_StepsDown_decalVersion3_no_shadow
1
24
0 structure_ground_steps.dds
5602.99 -116.475 5363.94 0.00191953 0.999993 0.0031759 -0.424639 0.720087 -1.70141e+038 
5081.55 -115.181 5271.69 -0.00180815 0.999987 0.00484221 0.62801 0.86302 -1.70141e+038 
5417.56 -116.475 5476.02 0.000217508 0.999996 0.00280854 -0.0739184 0.515326 -1.70141e+038 

Model: 435
1
0
1168587007 3270479770 1169036377 1123693095 1168482014 3270479770 1168798984 1168692000 3268708059 1169283110 
	27 82 9 27 204 15 
	106 47810 9 106 130428 15 
Decal_MudPath_decalVersion3_no_shadow
1
16
0 decal_mud_path_01.dds
5355.12 -119.78 5691.02 0.0765019 0.819339 0.568182 0.994323 0.615125 0 
5402.39 -119.78 5684.65 0.0765019 0.819339 0.568182 1.10199 0.611175 0 
5366.99 -106.263 5669.93 0.0765019 0.819339 0.568182 1.02908 0.65315 0 

Model: 492
4294967295
0
1172005524 3270084185 1169442958 1138908402 1171332757 3270479770 1168676257 1172635803 3268708059 1170055058 
	26 124 38 26 336 81 
	106 31564 38 106 85359 81 
LM_StepsDown_decalVersion3_no_shadow
1
24
0 structure_ground_steps.dds
6691.82 -116.475 5651.76 -0.00413987 0.999987 -0.00290755 1.08128 0.57132 -1.70141e+038 
6696.56 -115.892 5845.43 0.000832701 0.999994 0.00334541 0.97897 0.237018 -1.70141e+038 
6985.85 -115.181 5678.12 -0.00120709 0.999985 0.00528077 0.527893 0.620295 -1.70141e+038 

Model: 493
1
0
1171918130 3266295351 1169521645 1135807052 1171209584 3270361941 1169202705 1172635803 3262147446 1170055058 
	27 91 8 27 219 9 
	106 47819 8 106 130443 9 
Decal_MudPath_decalVersion3_no_shadow
1
16
0 decal_mud_path_01.dds
6631.68 -60.1049 5871.76 0.623338 0.773932 0.111711 -0.15148 0.881948 0 
6678.34 -116.475 6001.95 0.606659 0.785819 0.120226 0.000454878 0.682859 0 
6696.56 -116.475 5845.43 0.671735 0.73665 0.0782223 -0.0327464 0.947811 0 

Model: 519
4294967295
0
1173682915 3269290517 1169317882 1142194530 1172477810 3270479770 1168890038 1174650597 3268708056 1170055058 
	26 162 43 26 417 108 
	106 31602 43 106 85440 108 
LM_StepsDown_decalVersion3_no_shadow
1
24
0 structure_ground_steps.dds
8254.17 -118.882 6067.95 -0.00201243 0.999978 0.00631214 0.845571 0.165152 -1.70141e+038 
8431.72 -115.181 5678.12 0.00179406 0.999985 0.00526472 0.326199 0.710174 -1.70141e+038 
8005.13 -115.181 5804.57 0.00325293 0.999934 0.0109743 1.17188 0.748913 -1.70141e+038 

Model: 520
1
0
1174435932 3269913752 1169499091 1133232488 1174016198 3270361941 1169256686 1174650597 3266354146 1170055058 
	27 99 6 27 228 6 
	106 47827 6 106 130452 6 
Decal_MudPath_decalVersion3_no_shadow
1
16
0 decal_mud_path_01.dds
8254.17 -118.882 6067.95 0.29915 0.938609 -0.171824 0.121966 0.842333 0 
8002.1 -115.181 5804.57 0.288248 0.920749 -0.262935 -0.120673 1.466 0 
8155.18 -88.3045 6066.5 0.291964 0.93589 -0.197149 -0.0584563 0.918786 0 

Model: 543
1
0
1167549993 3269939682 1170660877 1144844078 1166061060 3270559986 1169618421 1168777807 3259670654 1171537626 
	27 199 37 27 444 81 
	106 47927 37 106 130668 81 
Decal_MudPath_decalVersion3_no_shadow
1
16
0 decal_mud_path_01.dds
4987.82 -116.475 6076 0.498496 0.863848 0.0725747 0.0247431 -0.0257996 0 
4933.32 -72.3094 5924.64 0.554047 0.832096 0.025442 -0.0365096 0.296418 0 
4894.77 -84.7756 6072.37 0.312666 0.936189 0.160592 -0.180804 0.0143118 0 

Model: 572
1
0
1167693330 3269976227 1173486227 1141200730 1166627945 3270046467 1172849411 1168445010 3269876872 1174092022 
	27 346 9 27 777 21 
	106 48074 9 106 131001 21 
Decal_MudPath_decalVersion3_no_shadow
1
16
0 decal_mud_path_01.dds
4466.44 -115.181 7622.6 0.00177126 0.999998 0.000593101 0.0524975 0.953373 -1.70141e+038 
5237.42 -116.475 7541.06 0.00174482 0.999998 0.000562857 1.35638 1.46183 -1.70141e+038 
4481.41 -115.181 7432.38 0.00169233 0.999999 0 -0.0469828 1.22509 0 

Model: 592
4294967295
0
1170189267 3269618286 1173420970 1131307351 1169737968 3270045691 1173177424 1170644426 3269184358 1174040373 
	26 391 8 26 1020 18 
	106 31838 8 106 86052 18 
LM_StepsDown_decalVersion3_no_shadow
1
24
0 structure_ground_steps.dds
6183.94 -115.181 7592.54 -0.0201966 0.999771 -0.00708433 0.496489 -0.0460594 -1.70141e+038 
6222.81 -115.181 7708.2 -0.0195401 0.999777 0.00802855 0.449209 0.169349 -1.70141e+038 
6355.72 -109.897 7628.52 -0.0309705 0.999505 -0.00552039 0.758831 0.180444 -1.70141e+038 

Model: 593
1
0
1170047591 3269609596 1172921540 1142938290 1169111195 3270046467 1171833115 1170644426 3253087982 1174040373 
	27 355 31 27 798 84 
	106 48083 31 106 131022 84 
Decal_MudPath_decalVersion3_no_shadow
1
16
0 decal_mud_path_01.dds
5834.38 -31.9205 7901.73 0.436091 0.836016 -0.33302 -0.239762 0.319452 0 
5919.44 -35.6387 7984.7 0.331861 0.822051 -0.462711 -0.217236 0.110352 0 
5979.16 -116.467 7869.87 0.387873 0.840719 -0.377817 0.0180868 0.197728 0 

Model: 608
4294967295
0
1171780789 3270151411 1169877465 1134307786 1171280390 3270361941 1169256686 1172298566 3269876872 1170055058 
	26 383 4 26 1008 6 
	106 31830 4 106 86040 6 
LM_StepsDown_decalVersion3_no_shadow
1
24
0 structure_ground_steps.dds
6985.85 -115.181 5678.12 -0.00120709 0.999985 0.00528077 0.527893 0.620295 -1.70141e+038 
6696.56 -115.892 5845.43 0.000832701 0.999994 0.00334541 0.97897 0.237018 -1.70141e+038 
7163.41 -118.882 6067.95 0.00158557 0.999969 0.00776446 0.0130182 0.00149663 -1.70141e+038 

Model: 609
1
0
1171874789 3268747551 1170751794 1144433448 1171032418 3270395744 1169256686 1172401736 3262147446 1172012938 
	27 236 34 27 525 84 
	106 47964 34 106 130749 84 
Decal_MudPath_decalVersion3_no_shadow
1
16
0 decal_mud_path_01.dds
7213.79 -87.8036 6170.27 -0.325046 0.924738 -0.198001 1.15241 0.589041 0 
7163.41 -118.882 6067.95 -0.324086 0.9377 -0.125247 1.00543 0.740802 0 
7121.4 -118.831 6177.02 -0.351215 0.913728 -0.204324 0.969636 0.546083 0 

Model: 625
1
0
1174454541 3263888250 1170299413 1125444377 1174329707 3270361941 1170052095 1174506761 3256409499 1170557217 
	27 270 8 27 609 12 
	106 47998 8 106 130833 12 
Decal_MudPath_decalVersion3_no_shadow
1
16
0 decal_mud_path_01.dds
8208.6 -90.6066 6170.33 0.307824 0.935446 -0.173737 -0.0471057 0.707299 0 
8254.17 -118.882 6067.95 0.29915 0.938609 -0.171824 0.121966 0.842333 0 
8155.18 -88.3045 6066.5 0.291964 0.93589 -0.197149 -0.0584563 0.918786 0 

Model: 642
4294967295
0
1170804947 3269468458 1173555126 1135278408 1170292618 3271129960 1172974213 1171393341 3260027274 1174040373 
	26 399 59 26 1038 213 
	106 31846 59 106 86070 213 
LM_StepsDown_decalVersion3_no_shadow
1
24
0 structure_ground_steps.dds
6355.72 -109.897 7628.52 -0.0309705 0.999505 -0.00552039 0.758831 0.180444 -1.70141e+038 
6324.9 -115.181 7493.31 -0.0236835 0.999153 -0.0336448 0.839455 -0.0567786 0 
6183.94 -115.181 7592.54 -0.0201966 0.999771 -0.00708433 0.496489 -0.0460594 -1.70141e+038 

Model: 643
1
0
1170627656 3268965368 1173376453 1128649762 1170292618 3269876872 1172974213 1170884181 3260027274 1173636904 
	27 386 15 27 882 36 
	106 48114 15 106 131106 36 
Decal_MudPath_decalVersion3_no_shadow
1
16
0 decal_mud_path_01.dds
6355.72 -109.897 7628.52 -0.0309705 0.999505 -0.00552039 0.889692 0.0955421 0 
6324.9 -115.181 7493.31 -0.00750865 0.999573 0.0282474 1.01486 0.313569 -1.70141e+038 
6183.94 -115.181 7592.54 -0.0113347 0.999931 -0.00315896 0.677331 0.339803 -1.70141e+038 

Model: 813
4294967295
0
1174725110 3270159375 1169517535 1136552002 1174468781 3271867019 1168809232 1174951686 3268708058 1170055058 
	26 205 32 26 525 81 
	106 31645 32 106 85548 81 
LM_StepsDown_decalVersion3_no_shadow
1
24
0 structure_ground_steps.dds
8631.73 -119.78 5726.76 0.307436 0.663619 0.681977 -0.016708 0.512398 0 
8617.5 -119.78 5731 -0.36409 0.88807 0.28066 0.0114978 0.513667 0 
8618.7 -119.78 5735.43 0 1 0 0.0114991 0.505584 0 

Model: 814
1
0
1174705235 3270153018 1169801558 1132965284 1174468781 3271180734 1169256686 1174946831 3269409024 1170055058 
	27 105 6 27 234 6 
	106 47833 6 106 130458 6 
Decal_MudPath_decalVersion3_no_shadow
1
16
0 decal_mud_path_01.dds
8665.46 -111.611 5904.4 -0.649104 0.756944 0.0755018 1.01313 0.804763 0 
8636.42 -125.128 5790.25 -0.649104 0.756944 0.0755018 1.05514 1.01506 0 
8651.94 -125.128 5923.62 -0.649104 0.756944 0.0755018 0.972268 0.783138 0 

Model: 838
4294967295
0
1176407466 3270029905 1168991773 1137199190 1176082448 3270479770 1168275837 1176711493 3267106043 1169618421 
	26 237 41 26 606 117 
	106 31677 41 106 85629 117 
LM_StepsDown_decalVersion3_no_shadow
1
24
0 structure_ground_steps.dds
10052.5 -116.475 5708.48 0 1 0 0.841035 0.147817 -1.70141e+038 
10014.2 -116.475 5854.74 0 1 0 0.919734 -0.10578 -1.70141e+038 
10444.3 -116.475 5763.82 0 1 0 0.104575 0.0153881 -1.70141e+038 

Model: 839
1
0
1176469388 3268647135 1169283342 1132315862 1176247374 3270046467 1169061339 1176711493 3266432142 1169618421 
	27 111 8 27 240 12 
	106 47839 8 106 130464 12 
Decal_MudPath_decalVersion3_no_shadow
1
16
0 decal_mud_path_01.dds
10052.5 -116.475 5708.48 0 1 0 0.0575496 0.873081 -1.70141e+038 
10014.2 -116.475 5854.74 0 1 0 -0.0397455 0.572729 0 
10444.3 -116.475 5763.82 0 1 0 1.08069 0.767682 -1.70141e+038 

Model: 852
4294967295
0
1177041897 3269912497 1167325181 1143762458 1176453866 3270046467 1165978282 1177412964 3269876872 1168295462 
	25 11 10 25 30 24 
	106 31427 10 106 84996 24 
lanetowerx_decalVersion3_no_shadow
1
16
0 decal_tower_base_04.dds
10192.7 -115.181 4752.93 0.00197578 0.999998 3.37974e-005 -0.582713 0.432785 0 
10318.6 -115.181 5208.77 0.00268377 0.999996 -0.000258786 -0.348461 -0.415237 0 
10521.2 -115.828 4692.1 0.00124091 0.999999 0.000611846 0.0283844 0.545947 0 

Model: 884
4294967295
0
1177068127 3269961670 1168120056 1140763467 1176582806 3270046467 1167098722 1177565873 3269876872 1168295462 
	25 24 7 25 57 9 
	106 31718 7 106 85746 9 
lanetowerx_decalVersion3_no_shadow
1
16
0 decal_tower_base_04.dds
10521.2 -115.828 4692.1 0.00124091 0.999999 0.000611846 0.0283844 0.545947 0 
10318.6 -115.181 5208.77 0.00268377 0.999996 -0.000258786 -0.348461 -0.415237 0 
10689.2 -116.475 5201.01 0.00116462 0.999999 0.000796119 0.340978 -0.400797 0 

Model: 885
4294967295
0
1176582930 3270046467 1168657587 1137787204 1176271806 3270479770 1168279565 1176962296 3268708058 1169432213 
	26 278 32 26 723 84 
	106 31725 32 106 85755 84 
LM_StepsDown_decalVersion3_no_shadow
1
24
0 structure_ground_steps.dds
10318.6 -115.181 5208.77 0.000697298 1 -0.000192615 0.317119 1.00206 -1.70141e+038 
10336 -115.181 5271.69 -0.000268452 1 0.00028044 0.287113 0.889932 -1.70141e+038 
10689.2 -116.475 5201.01 0.00347132 0.999994 -0.000958887 -0.382121 0.982438 -1.70141e+038 

Model: 886
1
0
1176955441 3269968828 1169815378 1144671212 1176271050 3270158902 1168897161 1177636464 3249169357 1170156344 
	27 119 16 27 252 21 
	106 47847 16 106 130476 21 
Decal_MudPath_decalVersion3_no_shadow
1
16
0 decal_mud_path_01.dds
10868.2 -117.332 5818.31 -0.00348473 0.999993 -0.00160809 -0.309177 0.917289 0 
11347.6 -115.181 6117.4 -0.0026853 0.999995 -0.00169815 0.986356 0.88997 0 
10980.5 -116.475 5683.13 -0.00356647 0.999994 3.52516e-005 -0.244116 1.24179 0 

Model: 904
4294967295
0
1178284227 3269870922 1168501443 1140343413 1177849899 3271359523 1167736622 1178570070 3266261797 1169204641 
	26 310 73 26 807 201 
	106 31757 73 106 85839 201 
LM_StepsDown_decalVersion3_no_shadow
1
24
0 structure_ground_steps.dds
11695.7 -116.475 5269.9 0.160579 0.979192 0.124087 0.899725 0.458735 0 
11637.3 -104.324 5249.65 0.160581 0.979192 0.124086 1.01524 0.477033 0 
11572.6 -116.475 5388.04 0.149162 0.976521 0.155429 1.08505 0.218161 0 

Model: 905
1
0
1177840171 3270029107 1168876315 1143208513 1177260566 3271359523 1168124050 1178442379 3256243870 1170156344 
	27 135 56 27 273 159 
	106 47863 56 106 130497 159 
Decal_MudPath_decalVersion3_no_shadow
1
16
0 decal_mud_path_01.dds
10980.5 -116.475 5683.13 -0.00356647 0.999994 3.52516e-005 -0.244116 1.24179 0 
11347.6 -115.181 6117.4 -0.0026853 0.999995 -0.00169815 0.986356 0.88997 0 
11500.8 -115.181 5971.76 -0.00157065 0.999997 -0.00165183 1.11996 1.27006 0 

Model: 932
4294967295
0
1174767355 3270175139 1170043435 1133209931 1174468781 3270361941 1169599343 1174977869 3269970086 1170278433 
	26 387 4 26 1014 6 
	106 31834 4 106 86046 6 
LM_StepsDown_decalVersion3_no_shadow
1
24
0 structure_ground_steps.dds
8254.17 -118.882 6067.95 -0.00201243 0.999978 0.00631214 0.845571 0.165152 -1.70141e+038 
8296.17 -118.831 6177.02 -0.00466463 0.999988 0.00133037 0.822624 -0.0408892 -1.70141e+038 
8751.33 -116.475 6001.95 -0.00445133 0.999986 0.00293704 -0.0995979 -0.0154019 -1.70141e+038 

Model: 933
1
0
1174856590 3269781695 1170898577 1142955786 1174422122 3270395744 1169599343 1175099093 3258607551 1171986318 
	27 278 35 27 621 84 
	106 48006 35 106 130845 84 
Decal_MudPath_decalVersion3_no_shadow
1
16
0 decal_mud_path_01.dds
8296.17 -118.831 6177.02 0.344155 0.916801 -0.202568 0.107988 0.630738 0 
8254.17 -118.882 6067.95 0.29915 0.938609 -0.171824 0.121966 0.842333 0 
8208.6 -90.6066 6170.33 0.307824 0.935446 -0.173737 -0.0471057 0.707299 0 

Model: 945
1
0
1176428602 3270059559 1169984850 1134581948 1176163657 3270147131 1169618421 1176701389 3270046467 1170639530 
	27 313 6 27 705 12 
	106 48041 6 106 130929 12 
Decal_MudPath_decalVersion3_no_shadow
1
16
0 decal_mud_path_01.dds
10014.2 -116.475 5854.74 0 1 0 -0.0397455 0.572729 0 
9973.29 -116.475 5989.96 0.000382191 1 0.000929679 -0.14401 0.294958 0 
10434.5 -116.475 5912.03 0 1 0 1.05764 0.463931 0 

Model: 961
4294967295
0
1175288045 3269329117 1173699214 1135742498 1174956211 3270559299 1172974213 1175599776 3263945043 1174040373 
	26 458 50 26 1251 168 
	106 31905 50 106 86283 168 
LM_StepsDown_decalVersion3_no_shadow
1
24
0 structure_ground_steps.dds
8747.04 -120.387 7871.33 0.054432 0.957009 0.284905 -0.124563 0.7424 0 
8810.28 -117.768 7850.45 0.0722919 0.956377 0.283048 -0.0322825 0.660041 0 
8730.17 -105.916 7825.94 0.0551637 0.957593 0.282796 -0.196719 0.679697 0 

Model: 962
1
0
1175409986 3269678035 1173088541 1134316300 1175200887 3270216061 1172454882 1175488710 3269014755 1173636904 
	27 401 11 27 918 24 
	106 48129 11 106 131142 24 
Decal_MudPath_decalVersion3_no_shadow
1
16
0 decal_mud_path_01.dds
9061.85 -109.897 7628.52 0.0309705 0.999505 -0.00552032 -0.00560585 0.231727 0 
9233.64 -115.181 7592.54 0.0113431 0.999931 -0.00318743 0.274984 0.412715 -1.70141e+038 
9092.68 -115.181 7493.31 0.00750865 0.999573 0.0282474 -0.0571702 0.472439 -1.70141e+038 

Model: 983
4294967295
0
1175512823 3269916274 1173632682 1130488348 1175358148 3270045405 1173177424 1175681453 3269876422 1173884662 
	26 508 6 26 1419 12 
	106 31955 6 106 86451 12 
LM_StepsDown_decalVersion3_no_shadow
1
24
0 structure_ground_steps.dds
9194.77 -115.181 7708.2 0.0227366 0.9997 0.00906459 0.514437 0.133905 -1.70141e+038 
9380.28 -115.952 7756.4 0.00366534 0.999991 0.0021045 0.887263 0.0741832 -1.70141e+038 
9233.64 -115.181 7592.54 0.0201966 0.999771 -0.00708435 0.475198 -0.0875572 -1.70141e+038 

Model: 984
1
0
1175800647 3265274743 1172994311 1142100049 1175327414 3270201302 1171833115 1175967283 3256976013 1173980578 
	27 412 25 27 942 66 
	106 48140 25 106 131166 66 
Decal_MudPath_decalVersion3_no_shadow
1
16
0 decal_mud_path_01.dds
9583.2 -48.5102 7901.73 -0.397665 0.878258 -0.265568 1.14867 0.162505 0 
9438.42 -117.656 7869.87 -0.331562 0.886639 -0.322393 0.862952 0.110551 0 
9498.14 -52.2284 7984.7 -0.316753 0.885551 -0.339805 1.06131 -0.0324902 0 

Model: 999
1
0
1177019420 3270012002 1170397937 1142522203 1176402376 3270158902 1169543813 1177636464 3246756307 1171033452 
	27 319 27 27 717 60 
	106 48047 27 106 130941 60 
Decal_MudPath_decalVersion3_no_shadow
1
16
0 decal_mud_path_01.dds
10429.8 -116.475 6076 -0.000749235 1 0.000772279 1.04839 0.128011 0 
10142.4 -117.243 6353.33 -0.000239647 0.999999 0.00123957 0.303879 -0.445837 0 
10452.9 -116.475 6193.85 -0.0022477 0.999997 0 1.1108 -0.112887 0 

Model: 1032
1
0
1176851186 3269960706 1173646843 1141099750 1176395559 3270046467 1172849411 1177304092 3269876872 1173870774 
	27 437 8 27 1008 18 
	106 48165 8 106 131232 18 
Decal_MudPath_decalVersion3_no_shadow
1
16
0 decal_mud_path_01.dds
10180.2 -116.475 7541.06 -0.00174482 0.999998 0.000562857 -0.231193 1.49065 -1.70141e+038 
10951.1 -115.181 7622.6 -0.00177126 0.999998 0.000593102 0.984405 0.851343 -1.70141e+038 
10936.2 -115.181 7432.38 -0.00169233 0.999999 0 1.12475 1.1106 0 

Model: 1415
1
0
1165033600 3270012723 1175054932 1141270333 1162974258 3270180406 1174566137 1166436038 3263828056 1175271950 
	27 445 27 27 1026 48 
	106 48173 27 106 131250 48 
Decal_MudPath_decalVersion3_no_shadow
1
16
0 decal_mud_path_01.dds
3558.01 -115.181 8742.04 -0.00507189 0.999985 0.00226227 0.0679724 0.83227 0 
3743.73 -115.182 9038.51 -0.00185283 0.999998 0.000422147 0.720357 0.669827 0 
3764.02 -115.181 8634.07 0 1 0 0.23356 1.17672 0 

Model: 1435
4294967295
0
1162755900 3269987531 1175676284 1128295145 1162087899 3270180406 1175453463 1163423901 3269876851 1175780846 
	26 636 3 26 1710 3 
	106 32083 3 106 86742 3 
LM_StepsDown_decalVersion3_no_shadow
1
24
0 structure_ground_steps.dds
3183.25 -117.497 9215.77 -0.00704575 0.999971 -0.00298367 -0.141242 0.355439 -1.70141e+038 
3136.87 -116.869 9535.48 -0.00615114 0.99998 -0.00149184 -0.159834 0.940797 -1.70141e+038 
3463.04 -115.181 9331.26 -0.00410077 0.999991 -0.000994564 0.398817 0.549006 -1.70141e+038 

Model: 1436
1
0
1162755900 3269987531 1175676284 1128295145 1162087899 3270180406 1175453463 1163423901 3269876851 1175780846 
	27 583 3 27 1314 3 
	106 48311 3 106 131538 3 
Decal_MudPath_decalVersion3_no_shadow
1
16
0 decal_mud_path_01.dds
3183.25 -117.497 9215.77 -0.00704575 0.999971 -0.00298367 0.121066 -0.127388 0 
3136.87 -116.869 9535.48 -0.00615114 0.99998 -0.00149184 0.461174 -0.559718 0 
3463.04 -115.181 9331.26 -0.00410077 0.999991 -0.000994564 0.680819 0.0256067 0 

Model: 1459
4294967295
0
1166041971 3269877017 1176059179 1132731023 1165213434 3269877210 1175586332 1166555120 3269876994 1176131949 
	25 31 5 25 66 9 
	106 32086 5 106 86745 9 
lanetowerx_decalVersion3_no_shadow
1
16
0 decal_tower_base_04.dds
4124.55 -115.183 9345.53 0 1 0 -0.0549768 1.20872 0 
4221.84 -115.182 9834.41 0 1 0 0.126023 0.299231 -1.70141e+038 
4358.99 -115.182 9776.41 0 1 0 0.381177 0.407122 -1.70141e+038 

Model: 1460
4294967295
0
1164113079 3267302396 1175545284 1141403508 1162087899 3272007008 1175202143 1165572045 3249424157 1175872294 
	26 639 39 26 1713 102 
	106 32091 39 106 86754 102 
LM_StepsDown_decalVersion3_no_shadow
1
24
0 structure_ground_steps.dds
3713.19 -115.181 9201.18 -0.702459 0.564111 -0.43397 0.832817 0.296903 0 
3755.73 -49.3425 9217.91 -0.605403 0.780334 -0.156734 0.914754 0.324817 0 
3793.85 -115.183 9118.54 -0.602804 0.538946 -0.588357 0.964247 0.141443 0 

Model: 1461
1
0
1164287743 3266973393 1175476607 1142528487 1162087899 3270180406 1174857799 1166245860 3236246886 1175817779 
	27 586 50 27 1317 135 
	106 48314 50 106 131541 135 
Decal_MudPath_decalVersion3_no_shadow
1
16
0 decal_mud_path_01.dds
3993.82 -27.5929 9017.99 -0.43374 0.707673 -0.557735 1.06259 0.955211 0 
4063.84 -115.181 8912.73 -0.446521 0.518965 -0.728899 1.03129 1.15464 0 
3925.93 -115.183 8997.21 -0.519642 0.511387 -0.684438 0.936033 0.909382 0 

Model: 1537
4294967295
0
1166044230 3269876922 1176359755 1134089056 1165213434 3269877030 1176086946 1166473486 3269876850 1176587561 
	25 62 3 25 138 3 
	106 32302 3 106 87321 3 
lanetowerx_decalVersion3_no_shadow
1
16
0 decal_tower_base_04.dds
4221.84 -115.182 9834.41 0 1 0 0.126023 0.299231 -1.70141e+038 
3899.94 -115.182 9878.36 0 1 0 -0.472831 0.217472 -1.70141e+038 
4319.13 -115.181 10323.3 0 1 0 0.307022 -0.610258 -1.70141e+038 

Model: 1588
4294967295
0
1167061121 3269830815 1175061642 1136228174 1166320594 3270559462 1174739918 1167801648 3269784758 1175286507 
	26 514 17 26 1431 42 
	106 31961 17 106 86463 42 
LM_StepsDown_decalVersion3_no_shadow
1
24
0 structure_ground_steps.dds
4867.11 -114.945 8891.81 -0.0117443 0.999806 -0.0158037 0.856646 0.954104 -1.70141e+038 
4885.48 -114.955 8927.57 -0.0032082 0.999993 0.00192813 0.839965 1.02399 0 
4967.65 -114.478 8915.88 -0.00451887 0.99999 -0.000548767 0.970563 1.1142 -1.70141e+038 

Model: 1589
1
0
1167426498 3269949394 1174704324 1145034865 1166031598 3270559462 1173649928 1168437658 3238250276 1175286507 
	27 472 39 27 1074 90 
	106 48200 39 106 131298 90 
Decal_MudPath_decalVersion3_no_shadow
1
16
0 decal_mud_path_01.dds
4703.08 -116.468 8260.63 -0.395095 0.827573 -0.398777 0.891375 0.189093 0 
4854.21 -42.7865 8291.56 -0.314125 0.834402 -0.452879 1.17801 0.223654 0 
4825.88 -116.475 8184.55 -0.300809 0.82081 -0.485577 1.05731 0.357656 0 

Model: 1613
4294967295
0
1170187050 3270300527 1174286750 1129424804 1169944970 3270479770 1173884662 1170464227 3254490242 1174475510 
	26 531 21 26 1473 51 
	106 31978 21 106 86505 51 
LM_StepsDown_decalVersion3_no_shadow
1
24
0 structure_ground_steps.dds
6197.71 -115.178 8135.85 0.426018 0.854576 0.296999 -0.018496 0.797245 0 
6036.37 -40.5746 8149.68 0.415355 0.828813 0.374899 -0.312138 0.657215 0 
6014.19 -115.181 8259.85 0.384708 0.726475 0.569416 -0.459871 0.803273 0 

Model: 1614
1
0
1170025482 3264690950 1174010476 1124903294 1169750908 3270045405 1173745394 1170300056 3254490242 1174108525 
	27 511 5 27 1164 9 
	106 48239 5 106 131388 9 
Decal_MudPath_decalVersion3_no_shadow
1
16
0 decal_mud_path_01.dds
6058.92 -115.177 7937.87 0.308962 0.79269 -0.525534 0.0516432 0.01491 0 
6056.27 -31.4475 8047.18 0.291105 0.762875 -0.577304 -0.0909532 -0.129967 0 
6187.57 -115.592 8013.9 0.337632 0.751179 -0.567217 0.148445 -0.234434 0 

Model: 1630
4294967295
0
1166996559 3269877030 1175886062 1141257250 1166074974 3269877210 1175410978 1167918146 3269876850 1176374050 
	25 36 10 25 75 24 
	106 32130 10 106 86856 24 
lanetowerx_decalVersion3_no_shadow
1
16
0 decal_tower_base_04.dds
4358.99 -115.182 9776.41 0 1 0 0.381177 0.407122 -1.70141e+038 
4508.21 -115.181 9661.47 0 1 0 0.658774 0.620948 0 
4124.55 -115.183 9345.53 0 1 0 -0.0549768 1.20872 0 

Model: 1631
4294967295
0
1167021303 3270027152 1175363583 1136089124 1166336085 3271817392 1175121730 1167633362 3254132704 1175573349 
	26 678 25 26 1815 63 
	106 32140 25 106 86880 63 
LM_StepsDown_decalVersion3_no_shadow
1
24
0 structure_ground_steps.dds
4442.91 -115.181 9174.28 0.603878 0.768138 0.212825 -0.0831165 0.776285 0 
4469.06 -115.181 9100.08 0.563542 0.826022 0.0103785 0.042709 0.713648 0 
4343.31 -30.7656 9152.21 0.574949 0.815494 0.0663514 -0.198082 0.619974 0 

Model: 1664
4294967295
0
1170978269 3270221936 1173955619 1136550004 1170300056 3270918154 1173610358 1171741717 3268998526 1174421271 
	26 552 19 26 1524 39 
	106 31999 19 106 86556 39 
LM_StepsDown_decalVersion3_no_shadow
1
24
0 structure_ground_steps.dds
6706.89 -121.992 7956.32 -0.13344 0.745359 0.653172 1.04296 1.03167 0 
6608.64 -109.586 7922.1 -0.341232 0.899671 0.272308 0.906458 0.881286 0 
6602.37 -123.125 7936.26 -0.443415 0.737764 0.509007 0.881531 0.896642 0 

Model: 1733
4294967295
0
1166977641 3269876878 1176313325 1139855200 1166274230 3269877030 1175834802 1167705653 3269876850 1176587561 
	25 65 8 25 141 15 
	106 32305 8 106 87324 15 
lanetowerx_decalVersion3_no_shadow
1
16
0 decal_tower_base_04.dds
4681.84 -115.181 9588.17 0 1 0 0.981793 0.757313 0 
4761.86 -115.181 10114.8 0 1 0 1.13066 -0.222363 0 
4920.78 -115.181 10002.1 0 1 0 1.42629 -0.0126675 0 

Model: 1844
4294967295
0
1175135422 3270519494 1174065373 1137112250 1174747206 3271603711 1173610358 1175523639 3266314860 1174455349 
	26 571 35 26 1563 84 
	106 32018 35 106 86595 84 
LM_StepsDown_decalVersion3_no_shadow
1
24
0 structure_ground_steps.dds
9240.34 -106.263 8198.33 -0.370493 0.87519 0.311092 1.05234 0.913933 0 
9159.04 -128.711 8149.54 -0.693181 0.698939 0.176022 0.863141 0.894143 0 
9235.36 -119.78 8213.27 -0.491973 0.720914 0.488104 1.05748 0.942516 0 

Model: 1862
4294967295
0
1175538443 3268806657 1174313169 1129958780 1175434952 3271603711 1173884662 1175645579 3254988598 1174474594 
	26 606 13 26 1647 21 
	106 32053 13 106 86679 21 
LM_StepsDown_decalVersion3_no_shadow
1
24
0 structure_ground_steps.dds
9198.63 -115.194 8095.12 -0.358331 0.754557 -0.549766 0.882311 0.773881 0 
9284.3 -119.78 8146.95 0.374801 0.743592 -0.553711 1.08208 0.795432 0 
9201.73 -128.711 8078.85 -0.261167 0.717409 -0.645846 0.87261 0.744512 0 

Model: 1863
1
0
1175672129 3266178157 1173915532 1118965714 1175599776 3270201302 1173745394 1175742610 3260082650 1173980578 
	27 516 3 27 1173 3 
	106 48244 3 106 131397 3 
Decal_MudPath_decalVersion3_no_shadow
1
16
0 decal_mud_path_01.dds
9498.14 -52.2284 7984.7 -0.316753 0.885551 -0.339805 1.06131 -0.0324902 0 
9438.42 -117.656 7869.87 -0.331562 0.886639 -0.322393 0.862952 0.110551 0 
9358.66 -115.529 7937.87 -0.282826 0.889233 -0.359547 0.773268 -0.0564485 0 

Model: 1926
4294967295
0
1177090753 3269830815 1175052404 1136398329 1176717240 3270559462 1174764686 1177464266 3269784758 1175286507 
	26 619 17 26 1668 42 
	106 32066 17 106 86700 42 
LM_StepsDown_decalVersion3_no_shadow
1
24
0 structure_ground_steps.dds
10550.5 -114.945 8891.81 0.0117443 0.999806 -0.0158036 0.0244451 0.782307 -1.70141e+038 
10449.9 -114.478 8915.88 0.00451888 0.99999 -0.000548786 -0.127197 0.901866 -1.70141e+038 
10508.8 -114.968 8973 0.00320821 0.999993 0.00192813 0.0312156 0.948787 -1.70141e+038 

Model: 1927
1
0
1177092137 3269809500 1174483799 1145290388 1176395559 3270395427 1173649928 1177602266 3238250276 1175175260 
	27 519 42 27 1176 90 
	106 48247 42 106 131400 90 
Decal_MudPath_decalVersion3_no_shadow
1
16
0 decal_mud_path_01.dds
11209.6 -67.7387 8944.09 -0.104898 0.756993 -0.644948 -0.126027 0.761371 0 
11242.9 -115.181 8882.98 -0.00205852 0.721438 -0.692476 0.0120975 0.76448 0 
11116.7 -115.181 8910.64 -0.14343 0.742283 -0.654556 -0.160543 0.934777 0 

Model: 1944
1
0
1177890011 3270015485 1174981497 1140242885 1177464266 3270180406 1174566137 1178370371 3269876872 1175229660 
	27 561 22 27 1266 48 
	106 48289 22 106 131490 48 
Decal_MudPath_decalVersion3_no_shadow
1
16
0 decal_mud_path_01.dds
11179.4 -115.181 8732.35 -0.00496653 0.999986 -0.00174707 0.171521 0.0939961 -1.70141e+038 
11242.9 -115.181 8882.98 0 1 0 0.0649374 -0.13496 -1.70141e+038 
11314.2 -115.181 8349.24 -0.00418906 0.999991 0.000123482 0.836028 0.37009 0 

Model: 1964
4294967295
0
1177119784 3269877030 1175886062 1141257256 1176658990 3269877210 1175456189 1177580577 3269876850 1176374050 
	25 46 11 25 99 30 
	106 32165 11 106 86943 30 
lanetowerx_decalVersion3_no_shadow
1
16
0 decal_tower_base_04.dds
11058.6 -115.182 9776.41 0 1 0 0.620236 0.408461 0 
11293 -115.183 9345.53 0 1 0 1.05639 1.21006 0 
10909.4 -115.181 9661.47 0 1 0 0.34264 0.622287 0 

Model: 1965
4294967295
0
1177104416 3269224960 1175185802 1134756330 1176777486 3271736246 1175121730 1177400045 3253454669 1175452140 
	26 703 27 26 1878 69 
	106 32176 27 106 86973 69 
LM_StepsDown_decalVersion3_no_shadow
1
24
0 structure_ground_steps.dds
10948.5 -115.181 9100.08 -0.57007 0.82152 0.0111553 0.92184 0.807215 0 
10974.7 -115.181 9174.28 -0.609286 0.763323 0.214731 1.04001 0.908194 0 
11074.3 -29.4723 9152.21 -0.581043 0.811011 0.0681899 1.19197 0.79265 0 

Model: 1982
4294967295
0
1177612967 3269877053 1175958618 1136031625 1177340504 3269877210 1175586332 1177810578 3269876994 1176131949 
	25 57 5 25 129 9 
	106 32203 5 106 87042 9 
lanetowerx_decalVersion3_no_shadow
1
16
0 decal_tower_base_04.dds
11195.7 -115.182 9834.41 0 1 0 0.87539 0.30057 -1.70141e+038 
11293 -115.183 9345.53 0 1 0 1.05639 1.21006 0 
11058.6 -115.182 9776.41 0 1 0 0.620236 0.408461 0 

Model: 1983
4294967295
0
1178217085 3270004812 1175662426 1140490029 1177783163 3272529324 1175187314 1178592670 3258987111 1175788251 
	26 730 94 26 1947 270 
	106 32208 94 106 87051 270 
LM_StepsDown_decalVersion3_no_shadow
1
24
0 structure_ground_steps.dds
11611.2 -115.181 9360.89 0.256032 0.652782 0.712968 -0.127128 0.696431 0 
11690.7 -115.181 9332.31 0.439291 0.697074 0.566666 0.0288883 0.645757 0 
11641.4 -49.9025 9290.26 0.507312 0.736001 0.44826 -0.0737877 0.568132 0 

Model: 1984
1
0
1178042060 3266888500 1175479183 1142553552 1177495134 3272529324 1175083390 1178592670 3243966906 1175785741 
	27 636 94 27 1452 270 
	106 48364 94 106 131676 270 
Decal_MudPath_decalVersion3_no_shadow
1
16
0 decal_mud_path_01.dds
11725.6 -115.182 8955.86 0 1 0 0.365178 -0.0465517 0 
11491.7 -115.183 8997.21 0 1 0 0.0621826 0.278016 0 
11623.7 -115.183 9118.54 0 1 0 -0.0155148 -0.0345527 0 

Model: 2042
4294967295
0
1177304602 3269876921 1176314771 1137559728 1176927962 3269877030 1175909862 1177480949 3269876850 1176587561 
	25 73 6 25 156 12 
	106 32313 6 106 87339 12 
lanetowerx_decalVersion3_no_shadow
1
16
0 decal_tower_base_04.dds
10655.7 -115.181 10114.8 0 1 0 -0.12925 -0.221025 0 
11058.6 -115.182 9776.41 0 1 0 0.620236 0.408461 0 
10909.4 -115.181 9661.47 0 1 0 0.34264 0.622287 0 

Model: 2062
4294967295
0
1177595950 3269876922 1176359755 1134089051 1177381322 3269877030 1176086946 1177810578 3269876850 1176587561 
	25 79 3 25 168 3 
	106 32319 3 106 87351 3 
lanetowerx_decalVersion3_no_shadow
1
16
0 decal_tower_base_04.dds
11098.4 -115.181 10323.3 0 1 0 0.694392 -0.608921 -1.70141e+038 
11517.6 -115.182 9878.36 0 1 0 1.47424 0.218811 -1.70141e+038 
11195.7 -115.182 9834.41 0 1 0 0.87539 0.30057 -1.70141e+038 

Model: 2124
1
0
1178563316 3269921029 1175301016 1124237032 1178438330 3270414221 1175199457 1178676511 3267969922 1175343241 
	27 730 8 27 1722 18 
	106 48458 8 106 131946 18 
Decal_MudPath_decalVersion3_no_shadow
1
16
0 decal_mud_path_01.dds
12363.3 -119.28 9044.69 0.212985 0.742844 0.634681 1.17798 -0.109356 0 
12149.8 -100.632 9094.49 0.118312 0.901643 0.415984 0.822756 0.0843335 0 
12154.1 -113.461 9108.13 0.220563 0.74423 0.630455 0.80901 0.0645354 0 

