Model: 1
4294967196
0
3293643980 1114902669 3291168132 1121707935 3295101392 1114902669 3292227003 3292186568 1127888247 3289697766 
	41 0 3 41 0 3 
	86 35 3 86 81 3 
OrderPantheon_
0
16
0 orderpantheon.dds

Model: 11
4294967196
0
1155191402 1118266298 3294588294 1159263298 3290504143 1117571261 3299776203 1166118063 1119581667 3284359918 
	66 3 3 66 3 3 
	93 23816 3 93 68427 3 
SR_Base
3
17
0 order_tile_floor.dds
1 blend1_sr_2_tx_bm_blend1_sr_3_tx_bm_blend1_sr_4_tx_bm.dds
2 gravel_stone_TX_CM.dds
4 order_dirt.dds
6 grass_TX_CM.dds

Model: 13
4294967196
0
1160768902 1118576464 3294588294 1152505053 1153008478 1117571261 3299776203 1166118063 1119581667 3284359918 
	66 6 3 66 6 3 
	93 23819 3 93 68430 3 
SR_Base
3
17
0 order_tile_floor.dds
1 blend1_sr_2_tx_bm_blend1_sr_3_tx_bm_blend1_sr_4_tx_bm.dds
2 gravel_stone_TX_CM.dds
4 order_dirt.dds
6 grass_TX_CM.dds

